# SDTrimSP: VERSION 7.01    04.01.2026
SDTrimSP - Sat. Jan 03 21:23:02 2026                                            
           2       number species of projectiles
# DEPTH DISTRIBUTIONS (PROJECTILES), COMPONENT( 1): V    
           2             0.     0.0000          number of depth ,nproj,e_tot [MeV]
#         [A]     [number]     [number]        [MeV]        [MeV]        [MeV]        [MeV]     [number]     [number]
#DEPTH/LENGTH        STOPS   PATHLENGTH    NUCL.LOSS   ELECT.LOSS  NUC.LOSS<ED  NUC.LOSS>ED   NUM.COLL.       NRT-DPA
  4.00000E+00  0.00000E+00  0.00000E+00  0.00000E+00  0.00000E+00  0.00000E+00  0.00000E+00  0.00000E+00  0.00000E+00
  1.20000E+01  0.00000E+00  0.00000E+00  0.00000E+00  0.00000E+00  0.00000E+00  0.00000E+00  0.00000E+00  0.00000E+00
#         sum  0.00000E+00  0.00000E+00  0.00000E+00  0.00000E+00  0.00000E+00  0.00000E+00  0.00000E+00  0.00000E+00
  
# DEPTH DISTRIBUTIONS (PROJECTILES), COMPONENT( 2): N    
         100       1000000.     4000.0          number of depth ,nproj,e_tot [MeV]
#         [A]     [number]     [number]        [MeV]        [MeV]        [MeV]        [MeV]     [number]     [number]
#DEPTH/LENGTH        STOPS   PATHLENGTH    NUCL.LOSS   ELECT.LOSS  NUC.LOSS<ED  NUC.LOSS>ED   NUM.COLL.       NRT-DPA
  4.00000E+00  4.60000E+03  2.70073E+05  9.46925E+01  9.63593E+01  6.75967E+00  8.79328E+01  1.25087E+07  1.05841E+06
  1.20000E+01  7.38700E+03  8.73700E+03  5.46453E+01  9.59997E+01  5.35179E+00  4.92935E+01  1.08909E+07  6.01510E+05
  2.00000E+01  8.95100E+03  8.63600E+03  5.23813E+01  9.70411E+01  5.96750E+00  4.64138E+01  1.09700E+07  5.73053E+05
  2.80000E+01  1.00180E+04  6.80200E+03  5.39229E+01  1.08746E+02  6.29003E+00  4.76329E+01  1.23891E+07  5.89170E+05
  3.60000E+01  1.03400E+04  6.47700E+03  4.37286E+01  8.96312E+01  5.70680E+00  3.80218E+01  1.07964E+07  4.75489E+05
  4.40000E+01  1.09520E+04  6.10200E+03  4.00188E+01  8.85223E+01  5.74203E+00  3.42767E+01  1.04896E+07  4.30287E+05
  5.20000E+01  1.11230E+04  5.98900E+03  4.03005E+01  9.08192E+01  5.85344E+00  3.44470E+01  1.09350E+07  4.33290E+05
  6.00000E+01  1.13820E+04  5.71000E+03  3.72104E+01  9.01308E+01  5.65916E+00  3.15512E+01  1.11544E+07  3.98972E+05
  6.80000E+01  1.12860E+04  5.80300E+03  3.15994E+01  8.07359E+01  5.21556E+00  2.63838E+01  9.96693E+06  3.35183E+05
  7.60000E+01  1.06870E+04  5.84800E+03  2.96225E+01  7.65677E+01  5.11405E+00  2.45085E+01  9.81726E+06  3.12268E+05
  8.40000E+01  1.06570E+04  5.65100E+03  3.04571E+01  8.73869E+01  5.35868E+00  2.50984E+01  1.09783E+07  3.19348E+05
  9.20000E+01  1.02670E+04  5.61800E+03  2.50301E+01  7.42617E+01  4.79740E+00  2.02327E+01  9.55879E+06  2.59869E+05
  1.00000E+02  1.00440E+04  5.60800E+03  2.28819E+01  6.95941E+01  4.61411E+00  1.82678E+01  9.24735E+06  2.34683E+05
  1.08000E+02  9.56700E+03  5.49900E+03  2.27484E+01  7.27143E+01  4.60986E+00  1.81386E+01  9.55056E+06  2.33233E+05
  1.16000E+02  9.38200E+03  5.46600E+03  2.16351E+01  7.54015E+01  4.69290E+00  1.69422E+01  1.00219E+07  2.18653E+05
  1.24000E+02  8.94300E+03  5.35300E+03  1.84450E+01  6.37527E+01  4.22332E+00  1.42217E+01  8.81290E+06  1.84412E+05
  1.32000E+02  8.61400E+03  5.49200E+03  1.74208E+01  6.36728E+01  4.12813E+00  1.32926E+01  8.70802E+06  1.72742E+05
  1.40000E+02  8.49200E+03  5.37200E+03  1.84794E+01  7.12597E+01  4.46797E+00  1.40114E+01  9.81581E+06  1.81791E+05
  1.48000E+02  7.95600E+03  5.31000E+03  1.53344E+01  5.95523E+01  3.97554E+00  1.13589E+01  8.63045E+06  1.48552E+05
  1.56000E+02  7.81700E+03  5.29100E+03  1.41307E+01  5.83682E+01  3.86443E+00  1.02663E+01  8.31508E+06  1.34369E+05
  1.64000E+02  7.64400E+03  5.35700E+03  1.43280E+01  5.80139E+01  3.88911E+00  1.04389E+01  8.52712E+06  1.36977E+05
  1.72000E+02  7.40500E+03  5.34500E+03  1.41666E+01  6.23429E+01  4.12050E+00  1.00461E+01  9.23288E+06  1.32023E+05
  1.80000E+02  7.15100E+03  5.28600E+03  1.22115E+01  5.36905E+01  3.69484E+00  8.51670E+00  8.01856E+06  1.12307E+05
  1.88000E+02  7.07700E+03  5.52500E+03  1.16928E+01  5.09924E+01  3.65318E+00  8.03962E+00  7.92733E+06  1.06497E+05
  1.96000E+02  7.01500E+03  5.40500E+03  1.25367E+01  5.83495E+01  4.02526E+00  8.51143E+00  8.92253E+06  1.12528E+05
  2.04000E+02  6.69500E+03  5.58400E+03  1.08484E+01  5.05260E+01  3.66529E+00  7.18310E+00  8.02673E+06  9.57712E+04
  2.12000E+02  6.73800E+03  5.77000E+03  1.00767E+01  4.67631E+01  3.57509E+00  6.50161E+00  7.64434E+06  8.68253E+04
  2.20000E+02  6.47700E+03  5.76600E+03  1.01883E+01  4.76660E+01  3.62370E+00  6.56458E+00  7.77881E+06  8.79306E+04
  2.28000E+02  6.59900E+03  5.76200E+03  1.06039E+01  5.21543E+01  3.99993E+00  6.60397E+00  8.61965E+06  8.85816E+04
  2.36000E+02  6.46500E+03  5.94700E+03  9.26161E+00  4.28759E+01  3.57241E+00  5.68920E+00  7.42501E+06  7.67564E+04
  2.44000E+02  6.44700E+03  6.14600E+03  9.00191E+00  4.26166E+01  3.58279E+00  5.41911E+00  7.34195E+06  7.33566E+04
  2.52000E+02  6.40900E+03  6.11100E+03  9.79045E+00  4.69431E+01  3.99085E+00  5.79960E+00  8.18505E+06  7.84273E+04
  2.60000E+02  6.32400E+03  6.52800E+03  8.76160E+00  4.07293E+01  3.75175E+00  5.00985E+00  7.57062E+06  6.84993E+04
  2.68000E+02  6.26100E+03  6.65700E+03  8.30590E+00  3.87493E+01  3.65111E+00  4.65479E+00  7.10612E+06  6.37071E+04
  2.76000E+02  6.37300E+03  6.73200E+03  8.42417E+00  3.75255E+01  3.73438E+00  4.68978E+00  7.18335E+06  6.45572E+04
  2.84000E+02  6.32100E+03  7.08500E+03  9.07577E+00  4.20111E+01  4.27293E+00  4.80284E+00  8.07953E+06  6.64799E+04
  2.92000E+02  6.54500E+03  7.26200E+03  7.96743E+00  3.50809E+01  3.82563E+00  4.14180E+00  6.93276E+06  5.76906E+04
  3.00000E+02  6.60500E+03  7.51000E+03  7.91763E+00  3.31268E+01  3.90168E+00  4.01595E+00  6.83655E+06  5.63814E+04
  3.08000E+02  6.82700E+03  7.80700E+03  8.74239E+00  3.67662E+01  4.39872E+00  4.34367E+00  7.51064E+06  6.08311E+04
  3.16000E+02  7.17500E+03  8.01600E+03  8.15420E+00  3.31176E+01  4.30392E+00  3.85027E+00  7.17299E+06  5.46924E+04
  3.24000E+02  7.30800E+03  8.62600E+03  7.79881E+00  2.95649E+01  4.21353E+00  3.58528E+00  6.61342E+06  5.12690E+04
  3.32000E+02  7.49000E+03  8.84200E+03  7.97329E+00  2.93884E+01  4.36049E+00  3.61280E+00  6.64990E+06  5.19339E+04
  3.40000E+02  8.03100E+03  9.34800E+03  8.95508E+00  3.24343E+01  5.15105E+00  3.80402E+00  7.47461E+06  5.51790E+04
  3.48000E+02  8.44000E+03  9.68000E+03  8.00645E+00  2.60980E+01  4.68203E+00  3.32442E+00  6.44622E+06  4.87839E+04
  3.56000E+02  9.40300E+03  1.01080E+04  8.13277E+00  2.53966E+01  4.86029E+00  3.27248E+00  6.31312E+06  4.84087E+04
  3.64000E+02  1.03950E+04  1.06780E+04  9.27705E+00  2.67373E+01  5.60107E+00  3.67598E+00  6.79366E+06  5.50566E+04
  3.72000E+02  1.19990E+04  1.07280E+04  9.16878E+00  2.41347E+01  5.74907E+00  3.41971E+00  6.66390E+06  5.20216E+04
  3.80000E+02  1.38190E+04  1.15370E+04  9.02694E+00  2.16009E+01  5.68133E+00  3.34561E+00  6.03686E+06  5.16559E+04
  3.88000E+02  1.66280E+04  1.17760E+04  9.75439E+00  2.02749E+01  6.10056E+00  3.65382E+00  6.01982E+06  5.70745E+04
  3.96000E+02  2.04670E+04  1.20090E+04  1.14381E+01  2.20186E+01  7.30770E+00  4.13035E+00  6.60902E+06  6.53556E+04
  4.04000E+02  2.51600E+04  1.25710E+04  1.05860E+01  1.75724E+01  6.78192E+00  3.80411E+00  5.74279E+06  6.13952E+04
  4.12000E+02  3.12680E+04  1.24410E+04  1.11250E+01  1.58012E+01  7.11226E+00  4.01278E+00  5.45926E+06  6.57139E+04
  4.20000E+02  3.72850E+04  1.24800E+04  1.23330E+01  1.58251E+01  7.80187E+00  4.53112E+00  5.54492E+06  7.51079E+04
  4.28000E+02  4.20800E+04  1.23470E+04  1.15569E+01  1.36655E+01  7.60905E+00  3.94783E+00  5.23762E+06  6.64412E+04
  4.36000E+02  4.46480E+04  1.19420E+04  1.06042E+01  1.08185E+01  7.00442E+00  3.59975E+00  4.40475E+06  6.11361E+04
  4.44000E+02  4.65100E+04  1.11730E+04  1.03413E+01  9.48305E+00  6.78631E+00  3.55499E+00  4.03580E+06  6.09436E+04
  4.52000E+02  5.08270E+04  1.01330E+04  1.06966E+01  8.82596E+00  7.18467E+00  3.51191E+00  3.85939E+06  6.10742E+04
  4.60000E+02  5.36160E+04  8.99500E+03  8.98268E+00  6.02816E+00  6.06991E+00  2.91277E+00  3.07137E+06  5.13138E+04
  4.68000E+02  5.64710E+04  7.54100E+03  8.08199E+00  4.59156E+00  5.48328E+00  2.59871E+00  2.46460E+06  4.63161E+04
  4.76000E+02  5.51770E+04  6.32700E+03  7.03942E+00  3.34949E+00  4.80285E+00  2.23657E+00  1.91935E+06  4.07231E+04
  4.84000E+02  4.66630E+04  5.06200E+03  4.31228E+00  1.77662E+00  3.13322E+00  1.17906E+00  1.21149E+06  2.15462E+04
  4.92000E+02  2.88160E+04  4.28800E+03  2.00189E+00  7.10180E-01  1.53294E+00  4.68955E-01  5.35613E+05  8.58800E+03
  5.00000E+02  1.09810E+04  3.72900E+03  5.64073E-01  1.82414E-01  4.65707E-01  9.83657E-02  1.54527E+05  1.63900E+03
  5.08000E+02  1.81600E+03  3.53600E+03  5.94844E-02  1.98273E-02  5.68258E-02  2.65856E-03  2.07900E+04  2.30000E+01
  5.16000E+02  9.10000E+01  3.21800E+03  1.90941E-03  5.93453E-04  1.90941E-03  0.00000E+00  7.60000E+02  0.00000E+00
  5.24000E+02  3.00000E+00  3.06800E+03  1.73961E-05  6.17327E-06  1.73961E-05  0.00000E+00  1.20000E+01  0.00000E+00
  5.32000E+02  0.00000E+00  3.00100E+03  0.00000E+00  0.00000E+00  0.00000E+00  0.00000E+00  0.00000E+00  0.00000E+00
  5.40000E+02  0.00000E+00  2.89700E+03  0.00000E+00  0.00000E+00  0.00000E+00  0.00000E+00  0.00000E+00  0.00000E+00
  5.48000E+02  0.00000E+00  2.63100E+03  0.00000E+00  0.00000E+00  0.00000E+00  0.00000E+00  0.00000E+00  0.00000E+00
  5.56000E+02  0.00000E+00  2.62200E+03  0.00000E+00  0.00000E+00  0.00000E+00  0.00000E+00  0.00000E+00  0.00000E+00
  5.64000E+02  0.00000E+00  2.60500E+03  0.00000E+00  0.00000E+00  0.00000E+00  0.00000E+00  0.00000E+00  0.00000E+00
  5.72000E+02  0.00000E+00  2.55100E+03  0.00000E+00  0.00000E+00  0.00000E+00  0.00000E+00  0.00000E+00  0.00000E+00
  5.80000E+02  0.00000E+00  2.59100E+03  0.00000E+00  0.00000E+00  0.00000E+00  0.00000E+00  0.00000E+00  0.00000E+00
  5.88000E+02  0.00000E+00  2.46000E+03  0.00000E+00  0.00000E+00  0.00000E+00  0.00000E+00  0.00000E+00  0.00000E+00
  5.96000E+02  0.00000E+00  2.38500E+03  0.00000E+00  0.00000E+00  0.00000E+00  0.00000E+00  0.00000E+00  0.00000E+00
  6.04000E+02  0.00000E+00  2.39100E+03  0.00000E+00  0.00000E+00  0.00000E+00  0.00000E+00  0.00000E+00  0.00000E+00
  6.12000E+02  0.00000E+00  2.25100E+03  0.00000E+00  0.00000E+00  0.00000E+00  0.00000E+00  0.00000E+00  0.00000E+00
  6.20000E+02  0.00000E+00  2.20600E+03  0.00000E+00  0.00000E+00  0.00000E+00  0.00000E+00  0.00000E+00  0.00000E+00
  6.28000E+02  0.00000E+00  2.14600E+03  0.00000E+00  0.00000E+00  0.00000E+00  0.00000E+00  0.00000E+00  0.00000E+00
  6.36000E+02  0.00000E+00  2.10600E+03  0.00000E+00  0.00000E+00  0.00000E+00  0.00000E+00  0.00000E+00  0.00000E+00
  6.44000E+02  0.00000E+00  2.09800E+03  0.00000E+00  0.00000E+00  0.00000E+00  0.00000E+00  0.00000E+00  0.00000E+00
  6.52000E+02  0.00000E+00  2.06900E+03  0.00000E+00  0.00000E+00  0.00000E+00  0.00000E+00  0.00000E+00  0.00000E+00
  6.60000E+02  0.00000E+00  2.03100E+03  0.00000E+00  0.00000E+00  0.00000E+00  0.00000E+00  0.00000E+00  0.00000E+00
  6.68000E+02  0.00000E+00  1.95500E+03  0.00000E+00  0.00000E+00  0.00000E+00  0.00000E+00  0.00000E+00  0.00000E+00
  6.76000E+02  0.00000E+00  1.98400E+03  0.00000E+00  0.00000E+00  0.00000E+00  0.00000E+00  0.00000E+00  0.00000E+00
  6.84000E+02  0.00000E+00  1.83100E+03  0.00000E+00  0.00000E+00  0.00000E+00  0.00000E+00  0.00000E+00  0.00000E+00
  6.92000E+02  0.00000E+00  1.89700E+03  0.00000E+00  0.00000E+00  0.00000E+00  0.00000E+00  0.00000E+00  0.00000E+00
  7.00000E+02  0.00000E+00  1.82500E+03  0.00000E+00  0.00000E+00  0.00000E+00  0.00000E+00  0.00000E+00  0.00000E+00
  7.08000E+02  0.00000E+00  1.72300E+03  0.00000E+00  0.00000E+00  0.00000E+00  0.00000E+00  0.00000E+00  0.00000E+00
  7.16000E+02  0.00000E+00  1.76500E+03  0.00000E+00  0.00000E+00  0.00000E+00  0.00000E+00  0.00000E+00  0.00000E+00
  7.24000E+02  0.00000E+00  1.68900E+03  0.00000E+00  0.00000E+00  0.00000E+00  0.00000E+00  0.00000E+00  0.00000E+00
  7.32000E+02  0.00000E+00  1.65400E+03  0.00000E+00  0.00000E+00  0.00000E+00  0.00000E+00  0.00000E+00  0.00000E+00
  7.40000E+02  0.00000E+00  1.65400E+03  0.00000E+00  0.00000E+00  0.00000E+00  0.00000E+00  0.00000E+00  0.00000E+00
  7.48000E+02  0.00000E+00  1.63400E+03  0.00000E+00  0.00000E+00  0.00000E+00  0.00000E+00  0.00000E+00  0.00000E+00
  7.56000E+02  0.00000E+00  1.60000E+03  0.00000E+00  0.00000E+00  0.00000E+00  0.00000E+00  0.00000E+00  0.00000E+00
  7.64000E+02  0.00000E+00  1.58100E+03  0.00000E+00  0.00000E+00  0.00000E+00  0.00000E+00  0.00000E+00  0.00000E+00
  7.72000E+02  0.00000E+00  1.52600E+03  0.00000E+00  0.00000E+00  0.00000E+00  0.00000E+00  0.00000E+00  0.00000E+00
  7.80000E+02  0.00000E+00  1.50500E+03  0.00000E+00  0.00000E+00  0.00000E+00  0.00000E+00  0.00000E+00  0.00000E+00
  7.88000E+02  0.00000E+00  1.38200E+03  0.00000E+00  0.00000E+00  0.00000E+00  0.00000E+00  0.00000E+00  0.00000E+00
  7.96000E+02  0.00000E+00  1.57543E+05  0.00000E+00  0.00000E+00  0.00000E+00  0.00000E+00  0.00000E+00  0.00000E+00
#         sum  9.68410E+05  9.68410E+05  1.08456E+03  2.88686E+03  3.05160E+02  7.79399E+02  4.68883E+08  1.01348E+07
  

# CPT.  AVERAGE DEPTH    STAND.DEV.       SKEWNESS      KURTOSIS       E    
   1     0.00000E+00    0.00000E+00    0.00000E+00    0.00000E+00    0.00000E+00    Rp 
   2     3.40217E+02    1.50699E+02   -8.90335E-01    2.30556E+00    0.00000E+00    Rp 
