# SDTrimSP: VERSION 7.01    04.01.2026
SDTrimSP - Sat. Jan 03 21:23:02 2026                                            
           2       number species of projectiles
# DEPTH DISTRIBUTIONS (PROJECTILES), COMPONENT( 1): V    
           2             0.     0.0000          number of depth ,nproj,e_tot [MeV]
#         [A]     [number]     [number]        [MeV]        [MeV]        [MeV]        [MeV]     [number]     [number]
#DEPTH/LENGTH        STOPS   PATHLENGTH    NUCL.LOSS   ELECT.LOSS  NUC.LOSS<ED  NUC.LOSS>ED   NUM.COLL.       NRT-DPA
  4.00000E+00  0.00000E+00  0.00000E+00  0.00000E+00  0.00000E+00  0.00000E+00  0.00000E+00  0.00000E+00  0.00000E+00
  1.20000E+01  0.00000E+00  0.00000E+00  0.00000E+00  0.00000E+00  0.00000E+00  0.00000E+00  0.00000E+00  0.00000E+00
#         sum  0.00000E+00  0.00000E+00  0.00000E+00  0.00000E+00  0.00000E+00  0.00000E+00  0.00000E+00  0.00000E+00
  
# DEPTH DISTRIBUTIONS (PROJECTILES), COMPONENT( 2): N    
         100        500000.     2000.0          number of depth ,nproj,e_tot [MeV]
#         [A]     [number]     [number]        [MeV]        [MeV]        [MeV]        [MeV]     [number]     [number]
#DEPTH/LENGTH        STOPS   PATHLENGTH    NUCL.LOSS   ELECT.LOSS  NUC.LOSS<ED  NUC.LOSS>ED   NUM.COLL.       NRT-DPA
  4.00000E+00  9.26600E+03  1.45416E+05  1.28900E+02  5.29084E+01  6.99991E+00  1.21900E+02  7.18740E+06  1.45812E+06
  1.20000E+01  1.64100E+04  1.05540E+04  1.22899E+02  6.14219E+01  8.28893E+00  1.14610E+02  7.54522E+06  1.39553E+06
  2.00000E+01  2.00460E+04  9.17100E+03  1.35994E+02  6.00658E+01  8.37143E+00  1.27622E+02  7.80345E+06  1.54947E+06
  2.80000E+01  2.29000E+04  9.06900E+03  1.26073E+02  5.69890E+01  8.86662E+00  1.17206E+02  7.71980E+06  1.43628E+06
  3.60000E+01  2.46520E+04  8.75800E+03  1.11107E+02  5.18907E+01  8.62833E+00  1.02478E+02  7.39962E+06  1.26437E+06
  4.40000E+01  2.54680E+04  8.87800E+03  9.95850E+01  4.72177E+01  8.47315E+00  9.11119E+01  6.97336E+06  1.13087E+06
  5.20000E+01  2.56150E+04  8.79100E+03  8.59751E+01  4.15889E+01  7.86457E+00  7.81105E+01  6.39580E+06  9.74626E+05
  6.00000E+01  2.49750E+04  8.58100E+03  7.41169E+01  3.68197E+01  7.36141E+00  6.67555E+01  5.83716E+06  8.37720E+05
  6.80000E+01  2.39720E+04  8.32200E+03  6.31806E+01  3.19946E+01  6.69335E+00  5.64873E+01  5.24116E+06  7.11940E+05
  7.60000E+01  2.25130E+04  8.09500E+03  5.28970E+01  2.79202E+01  6.08802E+00  4.68090E+01  4.69128E+06  5.93500E+05
  8.40000E+01  2.10860E+04  7.76500E+03  4.39717E+01  2.39747E+01  5.42108E+00  3.85506E+01  4.14454E+06  4.91037E+05
  9.20000E+01  1.92060E+04  7.40600E+03  3.64751E+01  2.08679E+01  4.83309E+00  3.16420E+01  3.67563E+06  4.05284E+05
  1.00000E+02  1.72500E+04  6.97400E+03  2.98710E+01  1.79124E+01  4.23505E+00  2.56360E+01  3.22075E+06  3.30216E+05
  1.08000E+02  1.56790E+04  6.86300E+03  2.49198E+01  1.56582E+01  3.76537E+00  2.11544E+01  2.85847E+06  2.73405E+05
  1.16000E+02  1.39070E+04  6.38100E+03  2.04038E+01  1.34216E+01  3.27663E+00  1.71271E+01  2.49386E+06  2.22339E+05
  1.24000E+02  1.22440E+04  6.07100E+03  1.69701E+01  1.18123E+01  2.89426E+00  1.40758E+01  2.21020E+06  1.83410E+05
  1.32000E+02  1.10280E+04  5.72500E+03  1.40782E+01  1.02311E+01  2.53692E+00  1.15413E+01  1.94567E+06  1.50883E+05
  1.40000E+02  9.84400E+03  5.41700E+03  1.19663E+01  9.09716E+00  2.24967E+00  9.71658E+00  1.73826E+06  1.27490E+05
  1.48000E+02  8.60700E+03  5.11400E+03  1.00198E+01  7.92763E+00  1.98094E+00  8.03884E+00  1.53592E+06  1.05914E+05
  1.56000E+02  7.67900E+03  4.80600E+03  8.51999E+00  7.10336E+00  1.76126E+00  6.75873E+00  1.38003E+06  8.92937E+04
  1.64000E+02  6.84300E+03  4.57900E+03  7.21257E+00  6.24068E+00  1.56329E+00  5.64927E+00  1.22970E+06  7.49336E+04
  1.72000E+02  6.16900E+03  4.25500E+03  6.31523E+00  5.64695E+00  1.40706E+00  4.90816E+00  1.11464E+06  6.52050E+04
  1.80000E+02  5.31700E+03  4.10100E+03  5.32851E+00  4.96635E+00  1.24697E+00  4.08154E+00  9.94670E+05  5.45190E+04
  1.88000E+02  4.89400E+03  3.91300E+03  4.70017E+00  4.53736E+00  1.13454E+00  3.56562E+00  9.08748E+05  4.77287E+04
  1.96000E+02  4.39900E+03  3.91700E+03  4.17962E+00  4.03321E+00  1.02488E+00  3.15473E+00  8.23967E+05  4.21782E+04
  2.04000E+02  4.03200E+03  3.57900E+03  3.66555E+00  3.70108E+00  9.42466E-01  2.72308E+00  7.57245E+05  3.65582E+04
  2.12000E+02  3.58700E+03  3.37100E+03  3.29940E+00  3.30091E+00  8.64416E-01  2.43498E+00  6.89376E+05  3.28349E+04
  2.20000E+02  3.33500E+03  3.35100E+03  2.98420E+00  3.02866E+00  7.91755E-01  2.19244E+00  6.35673E+05  2.95847E+04
  2.28000E+02  3.01700E+03  3.01400E+03  2.58749E+00  2.70103E+00  7.18111E-01  1.86938E+00  5.78653E+05  2.53842E+04
  2.36000E+02  2.83200E+03  2.95900E+03  2.37079E+00  2.48881E+00  6.65143E-01  1.70565E+00  5.37612E+05  2.31799E+04
  2.44000E+02  2.59900E+03  2.77500E+03  2.10775E+00  2.22350E+00  6.17032E-01  1.49072E+00  4.92361E+05  2.03644E+04
  2.52000E+02  2.36300E+03  2.82200E+03  1.90385E+00  2.05064E+00  5.72307E-01  1.33154E+00  4.57906E+05  1.82619E+04
  2.60000E+02  2.24000E+03  2.55000E+03  1.73572E+00  1.83902E+00  5.33251E-01  1.20247E+00  4.23613E+05  1.65508E+04
  2.68000E+02  2.14100E+03  2.60700E+03  1.60163E+00  1.68811E+00  4.99833E-01  1.10179E+00  3.92594E+05  1.52657E+04
  2.76000E+02  2.00300E+03  2.27600E+03  1.40161E+00  1.49934E+00  4.57510E-01  9.44099E-01  3.60141E+05  1.31432E+04
  2.84000E+02  1.84500E+03  2.25000E+03  1.27862E+00  1.37020E+00  4.26984E-01  8.51635E-01  3.33283E+05  1.18126E+04
  2.92000E+02  1.72200E+03  2.23200E+03  1.14287E+00  1.21825E+00  3.97637E-01  7.45230E-01  3.07715E+05  1.03833E+04
  3.00000E+02  1.63500E+03  2.06100E+03  1.02976E+00  1.10859E+00  3.70414E-01  6.59347E-01  2.84740E+05  9.30664E+03
  3.08000E+02  1.52500E+03  2.01500E+03  8.97729E-01  9.82273E-01  3.41130E-01  5.56599E-01  2.61588E+05  7.89088E+03
  3.16000E+02  1.49600E+03  2.01900E+03  8.32218E-01  8.85630E-01  3.21648E-01  5.10570E-01  2.41849E+05  7.22513E+03
  3.24000E+02  1.37300E+03  1.86500E+03  6.93418E-01  7.75868E-01  2.90003E-01  4.03415E-01  2.19490E+05  5.75764E+03
  3.32000E+02  1.24700E+03  1.75400E+03  6.06234E-01  6.92824E-01  2.68835E-01  3.37400E-01  2.01441E+05  4.89552E+03
  3.40000E+02  1.15200E+03  1.73700E+03  5.25419E-01  6.07478E-01  2.45347E-01  2.80072E-01  1.83569E+05  4.08379E+03
  3.48000E+02  1.15800E+03  1.70300E+03  4.59129E-01  5.37640E-01  2.33671E-01  2.25458E-01  1.68945E+05  3.32766E+03
  3.56000E+02  1.05300E+03  1.63800E+03  3.77185E-01  4.65223E-01  2.14692E-01  1.62493E-01  1.53087E+05  2.43782E+03
  3.64000E+02  1.05400E+03  1.54900E+03  3.25602E-01  4.05720E-01  2.00023E-01  1.25579E-01  1.39272E+05  1.90330E+03
  3.72000E+02  1.00600E+03  1.53200E+03  2.73216E-01  3.49417E-01  1.85984E-01  8.72322E-02  1.25363E+05  1.36728E+03
  3.80000E+02  9.98000E+02  1.32900E+03  2.41993E-01  3.01358E-01  1.78018E-01  6.39749E-02  1.13934E+05  1.01407E+03
  3.88000E+02  1.04300E+03  1.39800E+03  2.09658E-01  2.53214E-01  1.67730E-01  4.19283E-02  1.02097E+05  6.63844E+02
  3.96000E+02  1.12100E+03  1.40000E+03  1.90332E-01  2.11768E-01  1.62122E-01  2.82105E-02  9.07750E+04  4.64926E+02
  4.04000E+02  1.19800E+03  1.30300E+03  1.70691E-01  1.71219E-01  1.51883E-01  1.88077E-02  7.86220E+04  3.16511E+02
  4.12000E+02  1.19500E+03  1.24700E+03  1.50947E-01  1.33681E-01  1.38241E-01  1.27065E-02  6.58100E+04  2.10453E+02
  4.20000E+02  1.21400E+03  1.21600E+03  1.30500E-01  9.96134E-02  1.22702E-01  7.79721E-03  5.32470E+04  1.27160E+02
  4.28000E+02  1.24200E+03  1.15000E+03  1.09595E-01  6.95893E-02  1.03046E-01  6.54883E-03  4.07380E+04  1.04000E+02
  4.36000E+02  1.04200E+03  1.16500E+03  8.02945E-02  4.29703E-02  7.57667E-02  4.52779E-03  2.76790E+04  6.60000E+01
  4.44000E+02  8.01000E+02  1.11800E+03  4.99697E-02  2.26178E-02  4.76619E-02  2.30774E-03  1.63080E+04  3.00000E+01
  4.52000E+02  4.43000E+02  1.05400E+03  2.35643E-02  9.26247E-03  2.24190E-02  1.14529E-03  7.41300E+03  1.40000E+01
  4.60000E+02  1.97000E+02  1.02700E+03  8.07430E-03  2.54928E-03  7.84981E-03  2.24490E-04  2.36600E+03  3.00000E+00
  4.68000E+02  3.90000E+01  8.93000E+02  1.01234E-03  2.92463E-04  1.01234E-03  0.00000E+00  3.56000E+02  0.00000E+00
  4.76000E+02  2.00000E+00  9.47000E+02  4.95575E-05  1.32669E-05  4.95575E-05  0.00000E+00  1.60000E+01  0.00000E+00
  4.84000E+02  0.00000E+00  9.46000E+02  0.00000E+00  0.00000E+00  0.00000E+00  0.00000E+00  0.00000E+00  0.00000E+00
  4.92000E+02  0.00000E+00  8.54000E+02  0.00000E+00  0.00000E+00  0.00000E+00  0.00000E+00  0.00000E+00  0.00000E+00
  5.00000E+02  0.00000E+00  8.48000E+02  0.00000E+00  0.00000E+00  0.00000E+00  0.00000E+00  0.00000E+00  0.00000E+00
  5.08000E+02  0.00000E+00  8.12000E+02  0.00000E+00  0.00000E+00  0.00000E+00  0.00000E+00  0.00000E+00  0.00000E+00
  5.16000E+02  0.00000E+00  7.86000E+02  0.00000E+00  0.00000E+00  0.00000E+00  0.00000E+00  0.00000E+00  0.00000E+00
  5.24000E+02  0.00000E+00  8.26000E+02  0.00000E+00  0.00000E+00  0.00000E+00  0.00000E+00  0.00000E+00  0.00000E+00
  5.32000E+02  0.00000E+00  7.61000E+02  0.00000E+00  0.00000E+00  0.00000E+00  0.00000E+00  0.00000E+00  0.00000E+00
  5.40000E+02  0.00000E+00  7.27000E+02  0.00000E+00  0.00000E+00  0.00000E+00  0.00000E+00  0.00000E+00  0.00000E+00
  5.48000E+02  0.00000E+00  7.45000E+02  0.00000E+00  0.00000E+00  0.00000E+00  0.00000E+00  0.00000E+00  0.00000E+00
  5.56000E+02  0.00000E+00  6.88000E+02  0.00000E+00  0.00000E+00  0.00000E+00  0.00000E+00  0.00000E+00  0.00000E+00
  5.64000E+02  0.00000E+00  6.80000E+02  0.00000E+00  0.00000E+00  0.00000E+00  0.00000E+00  0.00000E+00  0.00000E+00
  5.72000E+02  0.00000E+00  6.58000E+02  0.00000E+00  0.00000E+00  0.00000E+00  0.00000E+00  0.00000E+00  0.00000E+00
  5.80000E+02  0.00000E+00  6.42000E+02  0.00000E+00  0.00000E+00  0.00000E+00  0.00000E+00  0.00000E+00  0.00000E+00
  5.88000E+02  0.00000E+00  6.73000E+02  0.00000E+00  0.00000E+00  0.00000E+00  0.00000E+00  0.00000E+00  0.00000E+00
  5.96000E+02  0.00000E+00  5.76000E+02  0.00000E+00  0.00000E+00  0.00000E+00  0.00000E+00  0.00000E+00  0.00000E+00
  6.04000E+02  0.00000E+00  5.85000E+02  0.00000E+00  0.00000E+00  0.00000E+00  0.00000E+00  0.00000E+00  0.00000E+00
  6.12000E+02  0.00000E+00  5.45000E+02  0.00000E+00  0.00000E+00  0.00000E+00  0.00000E+00  0.00000E+00  0.00000E+00
  6.20000E+02  0.00000E+00  5.54000E+02  0.00000E+00  0.00000E+00  0.00000E+00  0.00000E+00  0.00000E+00  0.00000E+00
  6.28000E+02  0.00000E+00  5.67000E+02  0.00000E+00  0.00000E+00  0.00000E+00  0.00000E+00  0.00000E+00  0.00000E+00
  6.36000E+02  0.00000E+00  5.59000E+02  0.00000E+00  0.00000E+00  0.00000E+00  0.00000E+00  0.00000E+00  0.00000E+00
  6.44000E+02  0.00000E+00  5.58000E+02  0.00000E+00  0.00000E+00  0.00000E+00  0.00000E+00  0.00000E+00  0.00000E+00
  6.52000E+02  0.00000E+00  4.65000E+02  0.00000E+00  0.00000E+00  0.00000E+00  0.00000E+00  0.00000E+00  0.00000E+00
  6.60000E+02  0.00000E+00  4.99000E+02  0.00000E+00  0.00000E+00  0.00000E+00  0.00000E+00  0.00000E+00  0.00000E+00
  6.68000E+02  0.00000E+00  4.93000E+02  0.00000E+00  0.00000E+00  0.00000E+00  0.00000E+00  0.00000E+00  0.00000E+00
  6.76000E+02  0.00000E+00  4.76000E+02  0.00000E+00  0.00000E+00  0.00000E+00  0.00000E+00  0.00000E+00  0.00000E+00
  6.84000E+02  0.00000E+00  4.53000E+02  0.00000E+00  0.00000E+00  0.00000E+00  0.00000E+00  0.00000E+00  0.00000E+00
  6.92000E+02  0.00000E+00  4.17000E+02  0.00000E+00  0.00000E+00  0.00000E+00  0.00000E+00  0.00000E+00  0.00000E+00
  7.00000E+02  0.00000E+00  4.25000E+02  0.00000E+00  0.00000E+00  0.00000E+00  0.00000E+00  0.00000E+00  0.00000E+00
  7.08000E+02  0.00000E+00  4.33000E+02  0.00000E+00  0.00000E+00  0.00000E+00  0.00000E+00  0.00000E+00  0.00000E+00
  7.16000E+02  0.00000E+00  4.53000E+02  0.00000E+00  0.00000E+00  0.00000E+00  0.00000E+00  0.00000E+00  0.00000E+00
  7.24000E+02  0.00000E+00  3.95000E+02  0.00000E+00  0.00000E+00  0.00000E+00  0.00000E+00  0.00000E+00  0.00000E+00
  7.32000E+02  0.00000E+00  4.08000E+02  0.00000E+00  0.00000E+00  0.00000E+00  0.00000E+00  0.00000E+00  0.00000E+00
  7.40000E+02  0.00000E+00  3.73000E+02  0.00000E+00  0.00000E+00  0.00000E+00  0.00000E+00  0.00000E+00  0.00000E+00
  7.48000E+02  0.00000E+00  3.99000E+02  0.00000E+00  0.00000E+00  0.00000E+00  0.00000E+00  0.00000E+00  0.00000E+00
  7.56000E+02  0.00000E+00  3.74000E+02  0.00000E+00  0.00000E+00  0.00000E+00  0.00000E+00  0.00000E+00  0.00000E+00
  7.64000E+02  0.00000E+00  3.36000E+02  0.00000E+00  0.00000E+00  0.00000E+00  0.00000E+00  0.00000E+00  0.00000E+00
  7.72000E+02  0.00000E+00  3.90000E+02  0.00000E+00  0.00000E+00  0.00000E+00  0.00000E+00  0.00000E+00  0.00000E+00
  7.80000E+02  0.00000E+00  3.20000E+02  0.00000E+00  0.00000E+00  0.00000E+00  0.00000E+00  0.00000E+00  0.00000E+00
  7.88000E+02  0.00000E+00  3.19000E+02  0.00000E+00  0.00000E+00  0.00000E+00  0.00000E+00  0.00000E+00  0.00000E+00
  7.96000E+02  0.00000E+00  3.70730E+04  0.00000E+00  0.00000E+00  0.00000E+00  0.00000E+00  0.00000E+00  0.00000E+00
#         sum  4.34919E+05  4.34919E+05  1.27913E+03  6.67486E+02  1.28303E+02  1.15082E+03  1.05614E+08  1.43208E+07
  

# CPT.  AVERAGE DEPTH    STAND.DEV.       SKEWNESS      KURTOSIS       E    
   1     0.00000E+00    0.00000E+00    0.00000E+00    0.00000E+00    0.00000E+00    Rp 
   2     1.05754E+02    8.85786E+01    1.64866E+00    5.73942E+00    0.00000E+00    Rp 
