# SDTrimSP: VERSION 7.01    03.01.2026
SDTrimSP - Sat. Jan 03 21:23:02 2026                                            
           2       number species of projectiles
# DEPTH DISTRIBUTIONS (PROJECTILES), COMPONENT( 1): V    
           2             0.     0.0000          number of depth ,nproj,e_tot [MeV]
#         [A]     [number]     [number]        [MeV]        [MeV]        [MeV]        [MeV]     [number]     [number]
#DEPTH/LENGTH        STOPS   PATHLENGTH    NUCL.LOSS   ELECT.LOSS  NUC.LOSS<ED  NUC.LOSS>ED   NUM.COLL.       NRT-DPA
  4.00000E+00  0.00000E+00  0.00000E+00  0.00000E+00  0.00000E+00  0.00000E+00  0.00000E+00  0.00000E+00  0.00000E+00
  1.20000E+01  0.00000E+00  0.00000E+00  0.00000E+00  0.00000E+00  0.00000E+00  0.00000E+00  0.00000E+00  0.00000E+00
#         sum  0.00000E+00  0.00000E+00  0.00000E+00  0.00000E+00  0.00000E+00  0.00000E+00  0.00000E+00  0.00000E+00
  
# DEPTH DISTRIBUTIONS (PROJECTILES), COMPONENT( 2): N    
          48        500000.     2000.0          number of depth ,nproj,e_tot [MeV]
#         [A]     [number]     [number]        [MeV]        [MeV]        [MeV]        [MeV]     [number]     [number]
#DEPTH/LENGTH        STOPS   PATHLENGTH    NUCL.LOSS   ELECT.LOSS  NUC.LOSS<ED  NUC.LOSS>ED   NUM.COLL.       NRT-DPA
  4.00000E+00  8.31400E+03  0.00000E+00  1.01616E+02  5.14189E+01  6.12967E+00  9.54863E+01  6.83049E+06  1.15413E+06
  1.20000E+01  1.58300E+04  0.00000E+00  1.11961E+02  6.20735E+01  7.49480E+00  1.04466E+02  7.81561E+06  1.27135E+06
  2.00000E+01  2.06680E+04  1.00000E+00  1.16953E+02  6.29364E+01  8.35005E+00  1.08603E+02  8.36474E+06  1.32912E+06
  2.80000E+01  2.43980E+04  1.00000E+00  1.17233E+02  6.15189E+01  8.87309E+00  1.08360E+02  8.58650E+06  1.33289E+06
  3.60000E+01  2.67960E+04  3.30000E+01  1.15125E+02  5.87538E+01  9.15308E+00  1.05972E+02  8.57920E+06  1.30948E+06
  4.40000E+01  2.90750E+04  9.40000E+01  1.09320E+02  5.45614E+01  9.19330E+00  1.00127E+02  8.34119E+06  1.24348E+06
  5.20000E+01  3.00650E+04  2.45000E+02  1.02088E+02  4.97146E+01  9.01017E+00  9.30779E+01  7.94335E+06  1.16100E+06
  6.00000E+01  3.10840E+04  6.66000E+02  9.29264E+01  4.41006E+01  8.62229E+00  8.43042E+01  7.37329E+06  1.05608E+06
  6.80000E+01  3.07550E+04  1.34600E+03  8.19694E+01  3.83812E+01  8.04402E+00  7.39254E+01  6.70475E+06  9.31414E+05
  7.60000E+01  2.99340E+04  2.50600E+03  7.18644E+01  3.26997E+01  7.36613E+00  6.44983E+01  5.97830E+06  8.16245E+05
  8.40000E+01  2.88470E+04  3.91700E+03  6.09731E+01  2.73662E+01  6.65034E+00  5.43227E+01  5.23870E+06  6.91747E+05
  9.20000E+01  2.70280E+04  6.14800E+03  5.15600E+01  2.25103E+01  5.88109E+00  4.56789E+01  4.50478E+06  5.84027E+05
  1.00000E+02  2.47940E+04  8.65500E+03  4.21305E+01  1.81249E+01  5.11061E+00  3.70199E+01  3.79613E+06  4.76187E+05
  1.08000E+02  2.18140E+04  1.16520E+04  3.40671E+01  1.43640E+01  4.32120E+00  2.97459E+01  3.14163E+06  3.84510E+05
  1.16000E+02  1.92200E+04  1.47760E+04  2.68823E+01  1.11268E+01  3.59164E+00  2.32907E+01  2.54592E+06  3.02663E+05
  1.24000E+02  1.62730E+04  1.84730E+04  2.07309E+01  8.45367E+00  2.91518E+00  1.78157E+01  2.01755E+06  2.32936E+05
  1.32000E+02  1.38220E+04  2.18570E+04  1.56193E+01  6.30220E+00  2.34642E+00  1.32729E+01  1.57718E+06  1.74745E+05
  1.40000E+02  1.12500E+04  2.49180E+04  1.16264E+01  4.59770E+00  1.82920E+00  9.79719E+00  1.20282E+06  1.29797E+05
  1.48000E+02  9.03400E+03  2.80370E+04  8.40679E+00  3.28212E+00  1.39306E+00  7.01373E+00  8.97354E+05  9.34789E+04
  1.56000E+02  7.07500E+03  3.00580E+04  5.93209E+00  2.27806E+00  1.03321E+00  4.89888E+00  6.50622E+05  6.56348E+04
  1.64000E+02  5.26100E+03  3.12590E+04  4.12024E+00  1.54998E+00  7.47672E-01  3.37257E+00  4.61886E+05  4.54555E+04
  1.72000E+02  3.88700E+03  3.18290E+04  2.72328E+00  1.01609E+00  5.26178E-01  2.19710E+00  3.17235E+05  2.98642E+04
  1.80000E+02  2.81300E+03  3.11340E+04  1.79539E+00  6.54392E-01  3.58516E-01  1.43687E+00  2.12565E+05  1.96214E+04
  1.88000E+02  1.89100E+03  2.95210E+04  1.11890E+00  4.05529E-01  2.35938E-01  8.82963E-01  1.37313E+05  1.21638E+04
  1.96000E+02  1.34600E+03  2.76550E+04  6.91170E-01  2.46242E-01  1.53862E-01  5.37309E-01  8.80830E+04  7.44664E+03
  2.04000E+02  8.46000E+02  2.52010E+04  4.05068E-01  1.41304E-01  9.33697E-02  3.11698E-01  5.22660E+04  4.34783E+03
  2.12000E+02  5.32000E+02  2.15220E+04  2.29154E-01  8.05329E-02  5.52890E-02  1.73865E-01  3.09480E+04  2.46269E+03
  2.20000E+02  2.81000E+02  1.83460E+04  1.18041E-01  4.35774E-02  3.22139E-02  8.58272E-02  1.71600E+04  1.24412E+03
  2.28000E+02  1.89000E+02  1.48000E+04  6.78366E-02  2.39267E-02  1.94883E-02  4.83483E-02  1.00860E+04  6.87649E+02
  2.36000E+02  1.01000E+02  1.16170E+04  3.63797E-02  1.18607E-02  1.02100E-02  2.61697E-02  5.17500E+03  3.68561E+02
  2.44000E+02  5.80000E+01  8.76500E+03  1.88234E-02  6.21082E-03  5.61627E-03  1.32071E-02  2.82300E+03  1.91503E+02
  2.52000E+02  3.60000E+01  6.57000E+03  7.83429E-03  2.58832E-03  2.84077E-03  4.99352E-03  1.38000E+03  8.01849E+01
  2.60000E+02  1.60000E+01  4.39000E+03  2.35405E-03  1.02187E-03  1.03077E-03  1.32328E-03  5.25000E+02  2.28848E+01
  2.68000E+02  1.00000E+00  2.95900E+03  1.28529E-03  3.10385E-04  2.15301E-04  1.06998E-03  1.29000E+02  1.42912E+01
  2.76000E+02  1.00000E+00  1.88400E+03  5.81456E-04  1.33295E-04  1.21772E-04  4.59684E-04  6.60000E+01  7.17886E+00
  2.84000E+02  3.00000E+00  1.19000E+03  3.14889E-04  9.19956E-05  1.90572E-04  1.24317E-04  7.80000E+01  1.00000E+00
  2.92000E+02  1.00000E+00  6.55000E+02  2.89280E-05  1.45690E-05  2.89280E-05  0.00000E+00  1.80000E+01  0.00000E+00
  3.00000E+02  0.00000E+00  3.52000E+02  0.00000E+00  0.00000E+00  0.00000E+00  0.00000E+00  0.00000E+00  0.00000E+00
  3.08000E+02  0.00000E+00  1.67000E+02  0.00000E+00  0.00000E+00  0.00000E+00  0.00000E+00  0.00000E+00  0.00000E+00
  3.16000E+02  0.00000E+00  7.60000E+01  0.00000E+00  0.00000E+00  0.00000E+00  0.00000E+00  0.00000E+00  0.00000E+00
  3.24000E+02  0.00000E+00  4.00000E+01  0.00000E+00  0.00000E+00  0.00000E+00  0.00000E+00  0.00000E+00  0.00000E+00
  3.32000E+02  0.00000E+00  1.30000E+01  0.00000E+00  0.00000E+00  0.00000E+00  0.00000E+00  0.00000E+00  0.00000E+00
  3.40000E+02  0.00000E+00  9.00000E+00  0.00000E+00  0.00000E+00  0.00000E+00  0.00000E+00  0.00000E+00  0.00000E+00
  3.48000E+02  0.00000E+00  1.00000E+00  0.00000E+00  0.00000E+00  0.00000E+00  0.00000E+00  0.00000E+00  0.00000E+00
  3.56000E+02  0.00000E+00  0.00000E+00  0.00000E+00  0.00000E+00  0.00000E+00  0.00000E+00  0.00000E+00  0.00000E+00
  3.64000E+02  0.00000E+00  1.00000E+00  0.00000E+00  0.00000E+00  0.00000E+00  0.00000E+00  0.00000E+00  0.00000E+00
  3.72000E+02  0.00000E+00  0.00000E+00  0.00000E+00  0.00000E+00  0.00000E+00  0.00000E+00  0.00000E+00  0.00000E+00
  3.80000E+02  0.00000E+00  0.00000E+00  0.00000E+00  0.00000E+00  0.00000E+00  0.00000E+00  0.00000E+00  0.00000E+00
#         sum  4.43339E+05  4.43339E+05  1.31032E+03  6.38749E+02  1.19551E+02  1.19077E+03  1.03428E+08  1.48649E+07
  

# CPT.  AVERAGE DEPTH    STAND.DEV.       SKEWNESS      KURTOSIS       E    
   1     0.00000E+00    0.00000E+00    0.00000E+00    0.00000E+00    0.00000E+00    Rp 
   2     7.73475E+01    4.27739E+01    4.97892E-01    2.82281E+00    0.00000E+00    Rp 
